linkRF36,SwitchBinPlacer,0.9754,0.9773,0.55792,0.96482,0.36494,0.26494
linkErrRF36,SwitchBinPlacer,0.00142,0.0016,0.10516,0.00382,0.1571,0.1771
cpuRF36,SwitchBinPlacer,0.75608,0.65262,0.71158,1,0.95858,1
cpuErrRF36,SwitchBinPlacer,0.0093,0.01086,0.02678,0,0.00444,0
httpRF36,SwitchBinPlacer,0.01466,0.018,0.05134,0.04734,0.05868,0.03402,0.036,0.036,0.03532,0.02802,0.03866,0.03468,0.02598,0.03934,0.04066,0.03934,0.036,0.04866,0.05066,0.05334,0.04198,0.05936,0.04998,0.0587,0.05198,0.05332,0.04534,0.04734,0.05068,0.05332,0.05002,0.05802,0.054,0.058,0.06932,0.062,0.05,0.04,0.05132,0.046,0.04534,0.05334,0.05664,0.058,0.05466,0.04996,0.06136,0.05332,0.05868,0.04664,0.06002,0.06066,0.05934,0.0593,0.062,0.06264,0.05466,0.0627,0.06402,0.05064,0.056,0.05066,0.054,0.054,0.05266,0.05334,0.05398,0.06534,0.05068,0.052,0.04202,0.04266,0.04464,0.04732,0.05066,0.04134,0.038,0.03934,0.04932,0.04734,0.04866,0.03998,0.06662,0.04534,0.0567,0.05468,0.048,0.05734,0.05134,0.05336,0.06128,0.052,0.05734,0.06064,0.06068,0.06534,0.06134,0.07198,0.06198,0.07202,0.07066,0.06202,0.06466,0.05666,0.068,0.0647,0.0713,0.06466,0.08198,0.0707,0.06068,0.07068,0.086675,0.093333333
#
linkRF36,MAX_CPU,0.96046,0.97434,0.9028,0.97694,0.97352,0.80824
linkErrRF36,MAX_CPU,0.07038,0.02134,0.14998,0.00106,0.00192,0.15312
cpuRF36,MAX_CPU,0.89212,0.89506,0.9925,0.80258,0.89484,0.99994
cpuErrRF36,MAX_CPU,0.00558,0.00854,0.00756,0.0138,0.01624,0.00044
httpRF36,MAX_CPU,0.23256,0.46596,0.81928,0.64878,0.66716,0.71942,0.59528,0.58932,0.64928,0.65066,0.62008,0.65788,0.64462,0.7002,0.67334,0.70524,0.71392,0.74462,0.67414,0.72378,0.6903,0.77606,0.68176,0.83288,0.8101,0.86118,0.85724,0.7845,0.83292,0.77854,0.72204,0.85134,0.89464,0.77802,0.9582,0.85524,0.8274,0.89706,0.80948,0.79456,0.72464,0.68622,0.77384,0.76274,0.70196,0.69332,0.72782,0.69802,0.74134,0.75632,0.78376,0.73408,0.7291,0.70376,0.70362,0.69858,0.74538,0.7414,0.87404,0.75922,0.71028,0.61182,0.44272,0.35668,0.25258,0.22,0.212,0.21334,0.17728,0.1727,0.17536,0.17998,0.18734,0.17732,0.1567,0.17468,0.17794,0.1673,0.1847,0.20138,0.21334,0.21934,0.23128,0.1747,0.18008,0.21864,0.2093,0.20932,0.18996,0.20072,0.2093,0.16864,0.16666,0.1507,0.21932,0.29674,0.23804,0.23134,0.18596,0.19932,0.18934,0.15936,0.1466,0.16004,0.14132,0.14798,0.14,0.1447,0.11864,0.14668,0.18068,0.19202,0.15532,0.14928,0.18934
#
linkRF36,MAX_CPU_N,0.9625,0.968,0.77852,0.98796,0.97678,0.9322
linkErrRF36,MAX_CPU_N,0.02268,0.02254,0.21646,0.01402,0.00168,0.01158
cpuRF36,MAX_CPU_N,0.94324,0.92762,0.99838,0.63618,0.56136,0.87876
cpuErrRF36,MAX_CPU_N,0.01258,0.00528,0.00288,0.01726,0.01978,0.02334
httpRF36,MAX_CPU_N,0.15922,0.4861,0.36134,0.4479,0.62142,0.62448,0.56076,0.5515,0.5371,0.50732,0.52752,0.47726,0.51604,0.53658,0.49808,0.47142,0.44992,0.43194,0.446,0.5114,0.48668,0.47932,0.44538,0.50258,0.52288,0.55724,0.5185,0.57944,0.53852,0.51684,0.50468,0.52464,0.5319,0.51664,0.47276,0.50666,0.50248,0.55682,0.50068,0.51478,0.54326,0.52612,0.52178,0.53992,0.52692,0.48806,0.48974,0.57158,0.53254,0.47134,0.50606,0.48612,0.49246,0.54402,0.52818,0.50866,0.54852,0.4947,0.5466,0.50806,0.51278,0.52112,0.34926,0.23536,0.22338,0.1833,0.188,0.19,0.21674,0.20194,0.19402,0.21064,0.1893,0.18668,0.2087,0.22132,0.22538,0.23132,0.20198,0.20134,0.20936,0.19332,0.23134,0.20132,0.19602,0.20536,0.1913,0.19404,0.22136,0.17396,0.1873,0.18672,0.17598,0.15192,0.1447,0.156,0.15402,0.14864,0.16734,0.15062,0.16534,0.14466,0.13202,0.16606,0.14928,0.13802,0.15936,0.162,0.17796,0.20404,0.21138,0.23128,0.19932,0.15664,0.1727
#
linkRF36,Equal-METIS,0.97794,0.97982,0.96562,0.96616,0.96204,0.31402
linkErrRF36,Equal-METIS,0.01004,0.00982,0.01632,0.03696,0.00566,0.1526
cpuRF36,Equal-METIS,0.77662,0.57614,0.91894,0.9773,0.89086,1
cpuErrRF36,Equal-METIS,0.0097,0.01932,0.00864,0.00862,0.017,0
httpRF36,Equal-METIS,0.09396,0.22804,0.30582,0.26808,0.27858,0.51548,0.38392,0.3153,0.34672,0.33468,0.32138,0.31332,0.31058,0.33204,0.29996,0.24596,0.24866,0.27472,0.29142,0.28392,0.29666,0.28536,0.29206,0.28598,0.34264,0.32934,0.30662,0.34464,0.31144,0.33788,0.32142,0.39938,0.37928,0.32404,0.31794,0.3327,0.33666,0.33534,0.31936,0.33996,0.33134,0.34802,0.3341,0.34724,0.33264,0.36404,0.34064,0.32066,0.31732,0.35402,0.32002,0.34462,0.31068,0.34012,0.34328,0.3366,0.30408,0.33258,0.33732,0.30468,0.32944,0.31656,0.23272,0.18466,0.12398,0.08334,0.08666,0.07734,0.088,0.10602,0.09534,0.094,0.086,0.07998,0.07204,0.07332,0.08332,0.082,0.09136,0.07934,0.09064,0.07798,0.07934,0.0813,0.09134,0.10268,0.10132,0.10532,0.10666,0.09536,0.116,0.088,0.09266,0.09066,0.102,0.09334,0.0733,0.09268,0.08132,0.104,0.07934,0.09068,0.08332,0.04998,0.04866,0.07002,0.06732,0.08134,0.06668,0.06334,0.052,0.058,0.04066,0.05534,0.03998
#
linkRF36,C90,0.96756,0.97036,0.9568,0.9796,0.97328,0.88782
linkErrRF36,C90,0.0244,0.01454,0.03768,0.00108,0.00456,0.13772
cpuRF36,C90,0.94034,0.92306,0.95718,0.70842,0.89946,0.92904
cpuErrRF36,C90,0.00486,0.00648,0.01094,0.0111,0.01576,0.00934
httpRF36,C90,0.2346,0.67174,0.5935,0.6858,0.92978,0.91616,0.74402,0.63486,0.8163,0.745,0.73594,0.75724,0.81618,0.66866,0.74652,0.67354,0.65584,0.67324,0.65284,0.6971,0.7836,0.78114,0.73868,0.7188,0.76186,0.8326,0.78218,0.7641,0.76306,0.77696,0.7253,0.8361,0.81982,0.79266,0.78012,0.7646,0.77142,0.78444,0.76492,0.7251,0.73636,0.81634,0.84344,0.77074,0.82598,0.80528,0.88464,0.78808,0.81046,0.8402,0.83278,0.85056,0.83658,0.84358,0.8738,0.8554,0.88138,0.87402,0.86984,0.80538,0.79066,0.81912,0.34734,0.22872,0.22792,0.21936,0.18936,0.20792,0.1807,0.19536,0.212,0.17602,0.17666,0.20668,0.2187,0.18192,0.20474,0.20462,0.19402,0.1753,0.20144,0.22518,0.19072,0.2066,0.21804,0.23402,0.23662,0.27338,0.23728,0.2267,0.2187,0.194,0.2127,0.23328,0.25332,0.18804,0.20398,0.22332,0.22,0.22126,0.18144,0.1839,0.21868,0.19532,0.18396,0.21538,0.21332,0.20934,0.23604,0.19856,0.20806,0.19338,0.20792,0.19474,0.18798
#
#linkRF36,C90_6PM,0.96756,0.97036,0.9568,0.9796,0.97328,0.88782
#linkErrRF36,C90_6PM,0.0244,0.01454,0.03768,0.00108,0.00456,0.13772
#cpuRF36,C90_6PM,0.94034,0.92306,0.95718,0.70842,0.89946,0.92904
#cpuErrRF36,C90_6PM,0.00486,0.00648,0.01094,0.0111,0.01576,0.00934
#httpRF36,C90_6PM,0.2346,0.67174,0.5935,0.6858,0.92978,0.91616,0.74402,0.63486,0.8163,0.745,0.73594,0.75724,0.81618,0.66866,0.74652,0.67354,0.65584,0.67324,0.65284,0.6971,0.7836,0.78114,0.73868,0.7188,0.76186,0.8326,0.78218,0.7641,0.76306,0.77696,0.7253,0.8361,0.81982,0.79266,0.78012,0.7646,0.77142,0.78444,0.76492,0.7251,0.73636,0.81634,0.84344,0.77074,0.82598,0.80528,0.88464,0.78808,0.81046,0.8402,0.83278,0.85056,0.83658,0.84358,0.8738,0.8554,0.88138,0.87402,0.86984,0.80538,0.79066,0.81912,0.34734,0.22872,0.22792,0.21936,0.18936,0.20792,0.1807,0.19536,0.212,0.17602,0.17666,0.20668,0.2187,0.18192,0.20474,0.20462,0.19402,0.1753,0.20144,0.22518,0.19072,0.2066,0.21804,0.23402,0.23662,0.27338,0.23728,0.2267,0.2187,0.194,0.2127,0.23328,0.25332,0.18804,0.20398,0.22332,0.22,0.22126,0.18144,0.1839,0.21868,0.19532,0.18396,0.21538,0.21332,0.20934,0.23604,0.19856,0.20806,0.19338,0.20792,0.19474,0.18798
#
#linkRF36,C90_5PM,0.9728,0.9763,0.8770,0.9723,0.9724,0
#linkErrRF36,C90_5PM,0.0088,0.0169,0.1836,0.0064,0.0028,0
#cpuRF36,C90_5PM,0.8947,0.9104,0.9936,0.9430,0.9132,0.0187
#cpuErrRF36,C90_5PM,0.0097,0.0111,0.0066,0.0092,0.0083,0.0054
#httpRF36,C90_5PM,0.58356,0.8402,0.12796,0.46004,0.54408,0.61584,0.41208,0.35188,0.26008,0.67588,0.57236,0.41988,0.34008,0.44788,0.55224,0.43584,0.49192,0.65216,0.58,0.35204,0.37988,0.35628,0.64728,0.28024,0.40384,0.52828,0.65604,0.61212,0.58352,0.56024,0.8,0.7758,0.82772,0.31628,0.22,0.95988,0.512,0.41564,0.36404,0.81208,0.79264,0.74404,0.41972,0.64388,0.8,0.80804,0.58392,0.43224,0.80352,0.67604,0.58808,0.36024,0.224,0.61212,0.5996,0.55992,0.88764,0.94852,0.7962,0.47984,0.51592,0.58396,0.20016,0.15192,0.16396,0.216,0.16004,0.14392,0.044,0.076,0.14008,0.19588,0.13208,0.088,0.22384,0.14004,0.16404,0.13196,0.09608,0.06,0.072,0.08404,0.07596,0.07996,0.144,0.19996,0.2282,0.2718,0.18,0.096,0.18,0.12008,0.08,0.08,0.16,0.12796,0.15592,0.10804,0.092,0.24404,0.08804,0.19596,0.21604,0.19192,0.13196,0.17604,0.12,0.12812,0.072,0.09192,0.17612,0.16404,0.048,0.048
#
linkRF36,Waterfall,0.96572,0.95384,0.92814,0.97566,0.9724,0
linkErrRF36,Waterfall,0.05028,0.06022,0.05062,0.00124,0.002,0
cpuRF36,Waterfall,0.9474,0.96472,0.9714,0.83968,0.91444,0.0186
cpuErrRF36,Waterfall,0.0066,0.00792,0.01374,0.01,0.00788,0.00606
httpRF36,Waterfall,0.12795,0.87078,0.75087,1.04895,1.05108,0.88782,0.76026,0.91101,0.93096,0.90897,0.90783,0.86532,0.96408,1.01868,1.01409,0.81201,0.95292,0.92799,0.78012,0.88104,0.9888,1.00095,0.85206,0.96204,0.95214,1.03878,0.98604,1.17015,1.02687,1.01289,1.01724,1.0728,1.05216,0.9279,0.92205,0.95424,0.97377,0.82794,0.82698,1.06281,0.74817,0.90888,1.03128,0.98409,1.1148,0.97974,0.95328,0.97473,0.82908,1.15482,0.95529,1.03398,0.83601,0.99285,0.97296,1.03509,0.98076,1.10082,0.94401,0.89898,0.99591,1.06602,0.54708,0.24532,0.23074,0.18256,0.15472,0.11464,0.15338,0.13264,0.118,0.13334,0.15462,0.11668,0.12734,0.14,0.11802,0.13274,0.11728,0.11202,0.09336,0.12134,0.11936,0.106,0.1,0.1247,0.13732,0.14064,0.1427,0.142,0.112,0.08932,0.09596,0.13534,0.14334,0.13536,0.12132,0.11332,0.08064,0.09998,0.13134,0.1127,0.1206,0.11798,0.1367,0.10932,0.11,0.1093,0.106,0.102,0.08868,0.06532,0.0907,0.10532,0.12
